
FLOW_OUT_1
observed    simulated
3.4830        6.3370      
3.5113        5.9370      
3.5396        5.4640      
4.2192        6.2240      
5.3519        10.3300     
6.7677        19.5700     
10.4206       29.9100     
14.7814       36.9400     
13.4505       39.0900     
10.3356       37.1900     
8.4384        33.0400     
7.1925        28.2400     
6.4846        23.7700     
5.8050        20.0400     
5.2103        17.0800     
4.8422        14.7700     
4.4741        12.9200     
4.2758        11.4000     
4.2192        10.1000     
4.1059        8.9790      
3.9927        7.9970      
4.2192        7.7300      
4.5307        9.8940      
6.2580        15.6700     
25.9099       22.2800     
51.8198       26.8800     
44.4575       28.7700     
31.4317       28.5900     
33.6970       27.1300     
48.4218       25.1300     
43.6079       23.0800     
31.4317       21.2400     
23.2481       19.6900     
18.8873       18.7800     
17.8396       18.2000     
33.4139       17.7300     
46.4396       17.2400     
36.2456       16.6700     
24.5790       16.0100     
18.4060       15.3000     
15.1495       14.5400     
13.0541       13.7700     
11.8081       12.9900     
10.8170       12.2000     
9.8259        11.4200     
9.1180        10.6400     
8.0420        9.8820      
7.5323        9.1410      
7.1358        8.4270      
7.5323        7.7520      
8.0137        7.5480      
8.3535        7.4750      
8.9198        7.5290      
9.4012        7.6220      
10.2507       7.9600      
13.2523       9.0420      
23.1349       10.5200     
35.9624       11.7800     
33.1307       12.5000     
25.0038       12.6800     
19.0289       12.4700     
16.0840       12.0200     
13.9885       11.4400     
12.4311       10.7800     
12.0063       10.0900     
11.7515       9.3890      
11.4400       8.6810      
10.7604       7.9810      
10.0525       7.2970      
9.5994        6.6470      
9.3162        6.0430      
9.4012        5.5000      
9.4861        5.0250      
9.3162        4.6400      
9.1747        4.3290      
8.8915        4.0560      
8.3818        3.8050      
8.6650        3.5710      
8.8349        3.3590      
8.8349        3.2510      
8.9481        3.2610      
8.8349        3.9670      
8.6650        5.0240      
8.1836        5.8490      
7.7871        6.3960      
7.2208        6.6370      
6.5695        6.6050      
5.9465        6.3450      
5.7766        5.9240      
5.4935        5.4250      
5.1820        4.9140      
5.0404        4.4330      
4.8988        4.0040      
4.9271        3.6340      
5.0687        3.3170      
4.7572        3.0520      
5.2669        2.8250      
5.4085        2.6330      
5.4935        2.4640      
5.2953        2.3190      
4.9838        2.1880      
4.8988        2.0700      
5.1253        1.9600      
4.9554        1.8550      
4.9271        1.7630      
5.0404        1.6880      
4.6156        1.6210      
4.4457        1.5490      
4.7289        1.4830      
4.8139        1.4210      
4.5590        1.3660      
4.5307        1.3170      
4.9838        1.2690      
4.5590        1.2300      
4.6440        1.1860      
4.8422        1.1440      
4.3042        1.1010      
4.1343        1.0600      
3.8794        1.0200      
3.3980        0.9802      
3.0016        0.9455      
3.2281        0.9135      
3.5679        0.8848      
3.7095        0.8552      
3.5396        0.8217      
3.5396        0.7919      
3.9927        0.7627      
3.9927        0.7386      
4.4457        0.7147      
4.1626        0.6911      
4.1343        0.6732      
4.3891        0.6527      
4.4174        0.6321      
3.9927        0.6139      
3.8511        0.5938      
3.7661        0.5718      
3.5962        0.5504      
3.3131        0.5319      
3.3697        0.5185      
3.3980        0.5008      
3.5396        0.4833      
3.9927        0.4723      
3.9644        0.4600      
3.6529        0.4521      
3.3980        0.4461      
3.3697        0.4606      
3.8228        0.4792      
4.4174        0.4940      
4.7855        0.5131      
4.5307        0.5402      
4.3042        0.5718      
4.4174        0.5997      
4.1909        0.6195      
3.9360        0.6377      
3.9077        0.6471      
3.9077        0.6434      
3.7661        0.6304      
4.0210        0.6043      
3.8228        0.5744      
3.5962        0.5338      
3.3414        0.4975      
3.1998        0.4634      
2.8317        0.4342      
2.8147        0.4064      
3.1715        0.3806      
2.9166        0.3565      
2.3022        0.3386      
2.7666        0.3216      
3.2281        0.3080      
2.9166        0.2939      
2.1747        0.2762      
2.4466        0.2644      
3.2281        0.2484      
3.5113        0.2421      
4.0776        0.2347      
4.2758        0.2329      
3.9644        0.2302      
3.3980        0.2265      
2.8883        0.2201      
3.1715        0.2141      
3.8228        0.2096      
3.5396        0.2103      
3.4830        0.2141      
3.0582        0.2136      
3.1715        0.2133      
3.6529        0.2157      
3.6529        0.2181      
3.7661        0.2166      
4.1626        0.2136      
4.2475        0.2092      
4.4457        0.2052      
3.8228        0.2018      
3.4547        0.1983      
3.3414        0.1986      
3.1715        0.1970      
3.3131        0.1948      
3.3414        0.1931      
3.3414        0.1924      
3.3414        0.1856      
3.3131        0.1814      
3.1715        0.1804      
3.2281        0.1795      
3.1149        0.1788      
2.4749        0.1772      
2.1464        0.1787      
2.6618        0.1766      
2.8883        0.1738      
2.8883        0.1716      
2.6986        0.1702      
2.6844        0.1697      
2.7552        0.1690      
2.7071        0.1680      
2.4296        0.1665      
2.8600        0.1681      
3.1998        0.1698      
3.6812        0.1713      
3.4830        0.1694      
3.0582        0.1675      
2.8600        0.1650      
2.7241        0.1616      
2.8600        0.1618      
2.7524        0.1611      
2.3560        0.1629      
2.3616        0.1642      
2.8232        0.1616      
2.8062        0.1566      
2.3446        0.1520      
1.9284        0.1483      
2.1917        0.1450      
2.6505        0.1457      
2.6136        0.1434      
2.1096        0.1433      
1.7726        0.1469      
1.6764        0.1485      
1.5234        0.1490      
1.8887        0.1448      
1.9171        0.1417      
2.0048        0.1403      
1.8944        0.1421      
1.4442        0.1398      
1.3337        0.1429      
1.6027        0.1455      
2.1068        0.1464      
1.8717        0.1471      
1.4753        0.1482      
1.6622        0.1506      
1.3649        0.1524      
1.0732        0.1492      
1.0477        0.1476      
0.9911        0.1456      
1.1327        0.1432      
1.1157        0.1425      
1.1044        0.1441      
1.2120        0.1435      
1.2743        0.1471      
1.1327        0.1470      
1.1582        0.1420      
1.2233        0.1408      
1.3507        0.1367      
1.3451        0.1354      
1.2233        0.1380      
0.9430        0.1397      
0.9883        0.1402      
1.3620        0.1389      
1.6679        0.1401      
1.7160        0.1433      
1.7613        0.1448      
1.6169        0.1411      
1.6424        0.1377      
1.6084        0.1361      
1.4498        0.1304      
1.3989        0.1288      
1.6197        0.1298      
1.7358        0.1310      
1.4243        0.1317      
1.4470        0.1344      
1.5008        0.1387      
1.3790        0.1838      
1.3026        0.2507      
1.2714        0.3134      
1.1638        0.3554      
1.1270        0.3732      
1.1525        0.3675      
1.0251        0.3486      
0.9486        0.3259      
0.8693        0.3039      
0.8976        0.2822      
1.0222        0.2621      
1.1667        0.2438      
1.2374        0.2293      
1.1780        0.2197      
1.0789        0.2115      
1.0959        0.2034      
1.2686        0.1967      
1.4611        0.1915      
1.4555        0.1873      
1.4555        0.1798      
1.5263        0.1745      
1.7245        0.1709      
1.4668        0.1680      
1.4640        0.1668      
1.7047        0.1655      
1.8491        0.1639      
1.9765        0.1715      
2.0416        0.2032      
2.2427        0.2938      
2.5910        0.4958      
2.8883        0.7409      
3.2564        0.9829      
3.2564        1.2200      
3.4547        1.4180      
3.5113        1.5570      
3.4830        1.6320      
3.6812        1.6460      
3.9077        1.6170      
3.6812        1.5650      
3.4830        1.5060      
3.1715        1.4440      
2.9733        1.3860      
3.2848        1.3310      
3.6812        1.2770      
3.8511        1.2200      
3.7095        1.1590      
3.3980        1.0890      
3.3131        1.0160      
3.1998        0.9402      
3.0582        0.8671      
2.9450        0.8426      
3.0016        0.8781      
2.9450        0.9750      
2.7779        1.4070      
2.4891        1.9130      
2.6646        2.3510      
2.4069        2.6840      
2.2823        2.9350      
2.0983        3.1390      
1.9822        3.3170      
1.9793        3.4750      
1.8859        3.6010      
1.9680        3.6810      
1.9114        3.7030      
1.8887        3.6570      
1.9086        3.5430      
2.2200        3.3680      
2.0247        3.1400      
1.6820        2.8810      
1.6452        2.6030      
1.6650        2.3300      
1.6650        2.2370      
1.9255        2.6730      
2.0218        3.2150      
2.3361        3.5510      
2.2172        3.6430      
2.2172        3.5790      
2.1719        3.4630      
2.4721        3.4380      
2.6250        3.6540      
2.7128        4.0110      
2.6391        4.3520      
2.5598        4.7520      
2.4069        5.0890      
2.3701        5.3000      
2.1181        5.3580      
2.0218        5.2760      
1.8717        5.0860      
1.7953        4.8230      
1.7273        4.5160      
1.6962        4.1930      
1.6877        3.8680      
1.6565        3.5580      
1.7358        3.2880      
1.6650        3.0770      
1.6594        2.9540      
1.5093        2.8850      
1.7330        2.8150      
1.6056        2.7190      
1.6565        2.5930      
1.5263        2.4590      
1.6254        2.3950      
1.7132        2.3970      
1.7188        2.4140      
1.7556        2.3970      
1.6990        2.3320      
1.7273        2.2230      
1.7556        2.0860      
1.6990        1.9390      
1.7840        1.7970      
1.8094        1.7830      
1.9454        2.5200      
2.3645        3.7340      
3.4263        4.7950      
5.2386        5.5010      
6.5695        5.9340      
5.7483        6.2340      
4.7289        6.4960      
3.6529        6.7400      
3.1715        6.9420      
3.1432        7.0580      
3.3131        7.0520      
3.4830        6.9120      
3.7095        6.6450      
3.9360        6.3340      
4.1059        6.1940      
4.3042        6.1350      
4.8139        6.1330      
5.3802        6.1250      
5.8050        6.1070      
5.9182        6.1120      
5.6634        6.1050      
5.4368        6.3250      
5.4935        6.7560      
6.2014        7.2780      
8.2968        7.7110      
8.2685        8.2270      
8.4667        8.7650      
12.0913       9.2140      
14.1301       9.5190      
13.4505       9.8020      
11.5250       10.0900     
10.0525       10.3300     
9.8826        10.5800     
10.8454       10.6900     
10.9586       10.6400     
9.6560        10.4200     
8.5517        10.1700     
8.0703        9.7740      
7.7871        9.3300      
7.5889        8.9090      
7.4190        9.5300      
7.7588        10.7600     
13.3089       11.7700     
16.7636       12.0900     
14.8380       11.7400     
12.0063       10.9500     
9.8826        9.9570      
8.4101        8.9460      
7.3341        8.0080      
6.7111        7.1760      
6.4562        6.4550      
6.6261        5.8380      
6.7960        5.3060      
6.9659        4.8480      
7.0226        4.4510      
7.2491        4.1040      
7.5606        3.7980      
7.6455        3.5350      
7.5323        3.3460      
7.3057        3.2180      
6.8244        3.1370      
6.5412        3.0890      
6.3430        3.0570      
6.1731        3.0300      
6.0881        3.0010      
5.8050        2.9640      
5.3802        2.9120      
5.0970        2.8440      
4.8422        2.7590      
4.6723        2.6610      
4.5873        2.5530      
4.3891        2.4330      
4.4457        2.3040      
4.4174        2.1750      
4.3891        2.0850      
4.3608        2.1100      
4.3608        2.1510      
4.4457        2.1660      
4.8422        2.1450      
5.2103        2.0940      
5.4368        2.0420      
5.4935        2.0170      
5.4368        2.0320      
5.5784        2.0840      
5.4368        2.1550      
4.6440        2.2230      
4.0493        2.2680      
3.9077        2.2800      
3.5396        2.2480      
3.1998        2.1750      
3.1715        2.0590      
3.2848        1.9170      
3.4830        1.7650      
3.5396        1.6090      
3.5113        1.4570      
3.3131        1.3130      
3.1149        1.1830      
3.2848        1.0670      
3.6529        1.1210      
4.2475        1.2500      
4.9271        1.3450      
5.4935        1.3590      
5.9749        1.3070      
5.8050        1.2210      
5.2103        1.1290      
4.5590        1.0470      
3.9077        0.9834      
3.2848        0.9383      
3.1715        0.9035      
3.0016        0.8748      
2.6901        0.8452      
2.3928        0.8124      
2.1521        0.7766      
2.0813        0.7341      
2.3475        0.6846      
2.7212        0.6311      
2.6929        0.5860      
2.9450        0.5455      
3.3980        0.5112      
3.3697        0.4795      
3.2564        0.4488      
3.2281        0.4247      
3.1998        0.4053      
3.3131        0.3879      
3.2281        0.3718      
2.5740        0.3593      
2.1946        0.3452      
2.6051        0.3303      
2.9733        0.3224      
3.0299        0.3152      
2.9733        0.3118      
2.7128        0.3015      
2.5655        0.2981      
2.4834        0.3404      
2.3730        0.3848      
2.5882        0.4346      
4.0776        0.4893      
5.2103        0.5421      
4.9838        0.5854      
4.4457        0.6170      
3.9927        0.6346      
3.5396        0.6344      
3.4263        0.6213      
3.7378        0.6002      
4.0493        0.5750      
4.0210        0.5412      
3.8511        0.5065      
4.0776        0.4711      
4.0210        0.4367      
3.8228        0.3997      
3.9360        0.3761      
4.0210        0.3628      
4.2758        0.3572      
3.9360        0.3541      
3.2848        0.3403      
3.2848        0.3223      
3.3980        0.3071      
3.1998        0.2898      
3.3131        0.2708      
3.2564        0.2592      
3.1432        0.2526      
3.2564        0.2497      
3.3131        0.2440      
3.4547        0.2406      
3.5396        0.2385      
3.7378        0.2380      
4.1909        0.2349      
4.3891        0.2325      
3.7378        0.2295      
3.8228        0.2269      
3.9927        0.2209      
4.1343        0.2187      
4.4174        0.2078      
4.3891        0.1984      
3.7661        0.1919      
3.1998        0.1864      
2.9166        0.1782      
2.9733        0.1720      
3.3697        0.1716      
3.5396        0.1723      
3.2848        0.1766      
2.8600        0.1759      
2.7326        0.1769      
2.7637        0.1769      
2.7751        0.1726      
3.0865        0.1700      
3.3980        0.1642      
3.4830        0.1609      
3.3980        0.1591      
3.4263        0.1607      
3.5962        0.1620      
3.9360        0.1616      
3.9360        0.1632      
3.8794        0.1633      
3.3131        0.1634      
2.3446        0.1635      
2.2512        0.1663      
2.3843        0.1675      
2.8260        0.1674      
3.4830        0.1672      
3.5962        0.1638      
3.5962        0.1613      
2.9733        0.1602      
2.3814        0.1579      
2.5457        0.1577      
2.5287        0.1585      
2.3871        0.1588      
2.6420        0.1539      
2.6561        0.1479      
2.5712        0.1424      
2.9733        0.1395      
2.9733        0.1367      
3.0299        0.1403      
3.0865        0.1385      
3.1432        0.1394      
3.2848        0.1407      
3.5396        0.1425      
3.2564        0.1422      
2.8883        0.1421      
3.1715        0.1422      
3.7661        0.1441      
3.6529        0.1440      
3.1432        0.1422      
2.4239        0.1355      
1.9142        0.1341      
1.7896        0.1356      
2.1946        0.1386      
2.8260        0.1406      
2.8034        0.1422      
2.6561        0.1433      
1.8916        0.1431      
1.9652        0.1419      
2.4975        0.1390      
2.8034        0.1377      
2.6901        0.1674      
2.6929        0.1903      
2.4636        0.1940      
2.1351        0.1912      
1.6282        0.1785      
1.6537        0.1646      
1.7811        0.1554      
1.8010        0.1489      
1.9340        0.1431      
1.8293        0.1400      
1.5603        0.1366      
1.4328        0.1360      
1.5461        0.1345      
1.7075        0.1304      
1.4583        0.1305      
1.3224        0.1308      
1.4045        0.1327      
1.3451        0.1339      
1.4640        0.1362      
1.7018        0.1373      
1.8264        0.1410      
2.0530        0.1456      
2.0105        0.1486      
2.0671        0.1513      
2.1634        0.1514      
1.9652        0.1512      
1.8349        0.1503      
2.1209        0.1500      
2.3276        0.1497      
2.8317        2.1130      
4.4741        4.7130      
5.9182        6.7820      
7.1075        7.9480      
7.1642        8.3720      
6.3713        8.3550      
5.6351        8.1650      
5.2103        7.9410      
5.0121        7.7190      
4.5873        7.4860      
4.2192        7.2120      
4.0493        6.8670      
4.3891        6.4510      
4.7855        5.9690      
5.0970        5.4420      
5.0121        4.8970      
4.8422        4.3560      
4.5590        3.8380      
4.3042        3.3550      
4.5590        2.9600      
4.6723        2.6450      
4.9838        2.3780      
5.7483        2.1400      
6.4279        1.9220      
6.0315        1.8190      
5.2953        1.8580      
4.7855        1.9700      
4.4174        2.0800      
4.3608        2.1480      
4.3325        2.1790      
4.2475        2.3260      
4.1343        2.5250      
4.1909        2.6590      
4.4174        2.6740      
4.3891        2.5810      
4.7006        2.4170      
4.9554        2.2280      
4.7572        2.0390      
4.1343        1.9240      
3.9927        1.8870      
4.1626        1.8820      
4.3325        2.0150      
4.4457        2.2150      
4.5873        2.3650      
4.3325        2.4010      
4.4457        2.3530      
4.8705        2.3960      
4.9838        2.3340      
4.7006        2.1760      
6.2014        1.9780      
7.9570        1.7840      
7.3057        1.6110      
6.0598        1.4640      
5.0687        1.3410      
4.0493        1.2420      
3.4547        1.4110      
3.1715        1.7000      
2.9166        1.9930      
2.7439        2.3200      
2.7807        2.9540      
2.8883        4.2440      
3.1149        5.8060      
4.0210        7.0160      
5.4652        7.8150      
6.2580        8.3030      
6.8527        8.6100      
6.6828        8.8250      
5.5218        8.9860      
4.5590        9.0860      
3.9360        9.1300      
3.7378        9.0790      
3.3697        9.2160      
2.7467        9.4310      
2.6533        9.4890      
2.7977        9.8050      
2.2852        10.3400     
2.1096        10.6900     
2.2653        10.6800     
2.4579        10.3800     
2.4409        9.8670      
2.4975        9.2290      
2.5259        8.5260      
2.5683        7.8150      
2.5004        7.1570      
2.3701        6.5630      
2.3418        6.0270      
2.2682        5.5340      
2.3616        5.0950      
2.5429        4.7490      
2.5457        5.0620      
2.4579        9.7590      
2.4636        16.4400     
2.6080        21.5100     
2.8062        23.1800     
2.8600        21.8800     
2.7467        18.9100     
2.6391        15.7000     
2.7694        13.3200     
3.5396        12.1800     
7.6739        12.4400     
14.6681       12.9600     
26.5046       13.3700     
37.3782       13.5500     
42.4753       13.5300     
42.1921       13.4000     
33.9802       13.4600     
25.3153       13.5500     
18.9723       13.5200     
14.1301       13.3300     
11.2984       13.0000     
9.4861        12.5600     
8.2685        12.0100     
7.3624        11.3800     
6.4279        10.6800     
5.7200        9.9960      
5.3802        9.4430      
5.3802        9.1770      
5.8616        8.9560      
6.6261        8.7090      
10.1091       8.6260      
11.8081       8.5880      
15.3477       8.5750      
18.9440       8.6000      
16.4804       8.6700      
13.1957       8.7760      
11.2984       8.8820      
10.0525       8.9380      
9.1463        8.9120      
8.3818        8.7840      
7.9287        8.6050      
7.9287        8.5420      
8.2402        9.0180      
8.3252        10.3300     
8.1269        13.2000     
8.8065        17.5900     
10.4489       23.1900     
16.4804       30.3300     
21.5774       39.4200     
25.9382       50.9200     
37.9446       64.4600     
44.4575       78.8100     
41.0594       92.5100     
36.2456       104.4000    
36.2456       113.4000    
45.5901       118.7000    
44.4575       120.5000    
39.0772       119.1000    
33.9802       115.2000    
30.0159       109.6000    
27.6939       103.1000    
25.5984       96.1300     
23.5030       89.2200     
22.3703       82.7100     
23.1915       76.8600     
22.9650       71.7800     
22.5968       67.5100     
22.2854       64.0300     
21.6341       61.2400     
21.2660       59.0600     
21.1810       57.3800     
21.6907       56.1800     
22.5968       55.5300     
23.0216       55.5900     
22.8517       56.5500     
22.1721       58.8400     
21.4642       62.5400     
21.1810       67.3100     
20.7846       72.5700     
20.4164       77.7300     
20.5297       82.3900     
20.7279       86.2800     
20.2749       89.2300     
20.3881       91.0800     
20.9828       91.8900     
22.3986       91.9600     
23.8994       91.0700     
25.7400       89.3700     
27.5240       87.1000     
27.6656       84.4300     
27.3824       81.4900     
27.3258       78.6700     
28.0054       76.4200     
29.4495       74.5500     
32.5644       73.3500     
35.6792       73.0600     
35.9624       73.7100     
33.4139       75.1300     
31.7149       77.0800     
30.5822       79.3500     
29.7327       82.4300     
30.2990       85.9500     
32.8475       89.6500     
36.5287       93.2700     
39.6436       96.6000     
39.0772       99.3500     
36.8119       101.2000    
33.9802       101.6000    
31.4317       100.6000    
29.7327       97.9800     
28.2036       94.1900     
26.7311       89.5700     
25.8250       84.5000     
25.9382       79.3200     
27.0426       74.3400     
26.6745       69.6700     
26.1364       65.2600     
25.9099       61.0300     
25.8533       56.9100     
25.4002       52.9700     
24.4374       49.1700     
23.8994       45.5400     
22.0305       42.1200     
18.9157       38.9400     
15.4327       36.0200     
13.0541       33.3900     
11.9214       31.0500     
11.8931       29.0100     
12.1479       27.2500     
12.7426       25.7500     
13.0824       24.4700     
11.7232       23.3800     
11.3267       22.4300     
10.7887       21.5800     
10.6188       20.7700     
12.0347       19.9800     
13.0257       19.1800     
14.6681       18.3400     
18.2360       17.4500     
20.2749       16.5400     
21.6624       15.6100     
22.4269       14.7000     
22.5685       13.8100     
23.2198       12.9900     
22.6818       12.2600     
20.1899       11.6200     
18.0378       11.0700     
16.0840       10.5900     
15.2628       10.1400     
15.2628       9.6910      
15.6309       9.2190      
15.2345       8.7150      
15.0079       8.1740      
15.2911       7.6070      
16.1972       7.0460      
16.3388       6.5050      
15.7442       5.9780      
13.9602       5.4600      
11.7232       4.9540      
10.1091       4.4690      
9.2596        4.0060      
8.5517        3.5650      
8.3818        3.1540      
8.2402        2.7610      
8.2968        2.3890      
8.2968        2.0440      
7.8721        1.7320      
7.4190        1.4570      
7.2774        1.2180      
7.3907        1.0120      
7.4756        0.8411      
7.5606        0.7086      
7.9004        0.6070      
7.9854        0.5294      
7.0226        0.4876      
6.4846        0.4846      
6.5412        0.5316      
6.9943        0.6259      
7.3907        0.7710      
7.3624        0.9388      
7.2491        1.1090      
7.2774        1.2520      
7.1075        1.3440      
6.9659        1.3750      
7.2208        1.3440      
6.9376        1.2660      
6.8244        1.1500      
6.4562        1.0060      
6.1731        0.8618      
5.8050        0.7245      
5.2386        0.6084      
5.6917        0.5120      
6.2297        0.4414      
6.1164        0.3862      
6.0315        0.3502      
5.6917        0.3273      
5.9182        0.3044      
6.8244        0.2931      
7.0226        0.2829      
6.2580        0.2788      
6.0881        0.2751      
5.8050        0.2726      
5.4935        0.2702      
5.0970        0.2730      
5.6634        0.2743      
6.9093        0.2705      
7.8154        0.2677      
7.5040        0.2660      
6.8527        0.2630      
6.1448        0.2610      
5.7200        0.2620      
6.1448        0.2576      
6.0598        0.2588      
6.5129        0.2608      
6.0881        0.2626      
5.3802        0.2584      
5.5218        0.2503      
5.6634        0.2450      
5.7766        0.2436      
5.9182        0.2427      
6.6545        0.2391      
6.3430        0.2409      
5.4085        0.2463      
5.1537        0.2488      
4.7572        0.2511      
4.7006        0.2524      
4.8422        0.2554      
5.1820        0.2532      
4.8988        0.2529      
4.7572        0.2502      
4.8988        0.2510      
5.6067        0.2509      
6.3713        0.2511      
7.0509        0.2492      
7.5040        0.2489      
7.7022        0.2475      
7.6739        0.2443      
7.9854        0.2429      
7.5889        0.2364      
7.1642        0.2312      
7.0226        0.2302      
7.2491        0.2308      
7.2774        0.2330      
7.6739        0.2357      
8.3252        0.2366      
7.9004        0.2358      
7.7588        0.2329      
8.4951        0.2335      
8.7216        0.2334      
9.7976        0.2312      
10.5905       0.2297      
10.4772       0.2255      
9.4861        0.2249      
7.5040        0.2236      
6.0315        0.2228      
5.4652        0.2245      
4.7289        0.2255      
4.5873        0.2239      
4.6723        0.2183      
4.3325        0.2120      
4.4174        0.2107      
4.5873        0.2068      
4.4457        0.2063      
4.2475        0.2288      
4.1343        0.2818      
3.3697        0.3872      
3.3697        0.5173      
3.6529        0.6242      
3.9927        0.7140      
4.4741        0.8002      
5.7766        1.0730      
6.8527        1.4490      
7.7871        1.7770      
8.4951        1.9710      
8.2685        2.0370      
7.0792        2.0080      
6.2014        1.9230      
5.7483        1.8070      
5.2103        1.6770      
5.2669        1.5520      
5.4085        1.4390      
5.5784        1.3290      
5.4085        1.2200      
5.2386        1.1240      
5.4085        1.0460      
5.5218        1.0070      
5.7483        1.0460      
5.8616        1.2870      
5.8899        1.5750      
6.4846        1.8600      
7.1075        2.1690      
7.3057        2.5620      
7.0509        3.1130      
6.8244        3.9480      
7.0509        5.0220      
7.1925        6.2880      
6.9659        7.6780      
6.2580        9.1240      
5.9465        10.5600     
6.0032        11.8900     
6.0881        13.0700     
6.1731        14.1800     
6.1164        15.1200     
6.3430        15.8500     
6.6261        16.3500     
6.7394        16.6200     
6.7960        16.7100     
6.7677        16.6900     
7.1642        16.5900     
6.8527        16.4700     
6.2580        16.3200     
5.8899        16.1500     
6.1448        15.9500     
6.3430        15.6900     
6.5129        16.1500     
6.9093        17.0100     
7.8438        17.7600     
8.7216        18.0300     
9.1747        17.9700     
9.4578        17.8300     
9.2030        17.8200     
8.5800        18.1500     
8.1269        18.7900     
8.1269        19.6700     
8.3252        20.6600     
8.3535        21.6200     
8.6083        22.4300     
9.0331        23.0100     
8.4951        23.3400     
7.5040        23.5300     
7.0792        23.8300     
7.2208        24.0000     
7.5040        23.8900     
7.6739        23.6100     
7.6455        23.3400     
7.2774        23.2200     
6.9376        23.3300     
6.5412        23.7000     
6.0315        24.3200     
5.7483        25.3000     
5.6634        26.4700     
5.8616        27.8800     
6.3147        30.2400     
8.5517        34.3400     
19.1988       41.0100     
39.0772       52.5100     
50.4040       70.4600     
50.1208       93.3100     
47.5723       126.8000    
46.7228       154.3000    
47.0060       165.9000    
47.0060       166.7000    
50.6872       161.2000    
47.8555       164.2000    
54.3683       164.8000    
94.5783       159.7000    
110.1525      151.4000    
119.4971      144.4000    
143.2832      136.4000    
200.4833      128.7000    
228.8001      124.5000    
227.9506      120.9000    
219.7387      116.1000    
216.0575      110.5000    
218.8892      104.2000    
218.0397      97.3900     
207.2793      90.3600     
199.0674      83.7200     
189.1565      77.7300     
181.2278      73.0900     
170.4674      69.2700     
157.4417      65.4900     
147.8139      61.5600     
134.5050      57.6500     
117.2317      54.0900     
102.7902      51.1600     
84.6674       49.0500     
64.5624       47.8400     
54.3683       47.3400     
51.8198       47.5200     
49.8377       48.8100     
47.8555       50.9300     
45.5901       53.3400     
41.0594       55.6400     
35.1129       57.8800     
31.1485       60.1800     
29.1664       62.3200     
27.2408       64.2300     
24.9471       65.8800     
22.5685       67.2000     
20.3881       68.0400     
18.6608       68.3300     
17.2166       68.0600     
16.5654       67.2300     
16.1406       65.8800     
15.5743       64.0800     
14.8097       62.0100     
14.6115       59.7300     
14.5549       57.3000     
14.0735       54.8100     
13.6770       52.3800     
13.9602       50.0700     
14.5832       48.2300     
15.0929       47.2000     
16.0557       48.4000     
21.0394       53.6800     
40.7763       60.9800     
66.8278       67.6300     
67.9604       72.9800     
56.6337       77.4500     
50.4040       81.5200     
46.1565       85.5600     
43.0416       89.1800     
45.0238       91.9600     
48.4218       93.7600     
46.1565       94.3800     
41.6258       93.9700     
37.0951       92.8400     
33.6970       91.3400     
32.2812       89.8100     
30.8654       88.6900     
30.0159       92.5900     
29.7327       99.4200     
30.5822       107.4000    
30.8654       113.2000    
28.8832       114.4000    
26.7311       111.5000    
24.6640       112.1000    
23.4747       120.0000    
22.5119       130.3000    
22.0022       125.7000    
21.3509       120.8000    
21.4642       112.3000    
22.3420       102.0000    
25.2586       93.7900     
33.1307       88.9200     
78.7208       87.3100     
129.4080      89.9100     
183.4932      96.9100     
224.8358      106.5000    
269.0100      117.8000    
334.1388      133.6000    
390.7725      144.5000    
419.0893      153.5000    
421.9210      161.9000    
419.0893      169.9000    
393.6042      175.8000    
365.2873      178.2000    
362.4556      176.6000    
362.4556      171.3000    
365.2873      163.3000    
359.6240      154.3000    
342.6339      147.9000    
328.4754      148.2000    
319.9804      160.1000    
308.6536      187.6000    
305.8220      243.8000    
297.3269      300.3000    
291.6635      335.3000    
286.0002      345.8000    
273.8239      337.1000    
267.5942      318.7000    
257.9665      298.9000    
247.7724      283.5000    
242.1090      277.0000    
238.7110      280.6000    
235.0298      293.8000    
230.4991      307.7000    
225.1189      314.0000    
218.8892      308.9000    
214.0754      295.6000    
212.3764      273.8000    
210.1110      249.2000    
208.4120      224.0000    
206.1467      198.1000    
199.3506      172.8000    
189.7229      149.1000    
176.9803      128.1000    
170.7506      119.8000    
167.0694      109.3000    
163.1050      97.4700     
157.7248      86.2000     
150.6456      76.2000     
143.5664      67.4800     
134.5050      59.9100     
124.3110      53.3300     
115.8159      47.6600     
110.7189      42.8300     
103.3565      38.7900     
85.5169       35.5100     
70.5089       33.1500     
70.5089       31.4300     
72.7743       30.1900     
70.2258       29.4200     
67.9604       29.0600     
68.2436       29.0600     
69.3763       29.4200     
67.6773       30.1100     
63.7129       31.1100     
62.0139       32.3200     
58.6159       33.6100     
52.6693       34.8000     
47.8555       35.7700     
44.7406       36.3600     
42.1921       36.5200     
40.7763       36.2300     
40.2099       35.5400     
39.6436       34.5200     
39.6436       33.2400     
38.5109       31.7800     
38.5109       30.4900     
39.9268       29.5700     
43.0416       28.8400     
46.4396       28.0000     
49.5545       27.0000     
52.3862       25.9900     
52.3862       25.1700     
49.8377       24.6800     
45.5901       24.5500     
43.3248       24.7300     
43.0416       25.0900     
43.3248       25.4500     
46.1565       25.6800     
45.3070       25.6600     
40.2099       25.2900     
40.4931       24.5700     
52.6693       23.4900     
71.3585       22.1200     
95.4278       20.5400     
112.1347      18.8300     
124.5941      17.0700     
139.8852      15.3300     
152.0615      13.6700     
156.5922      12.1300     
157.1585      10.7400     
157.4417      9.5650      
156.0258      8.5940      
143.8496      7.8180      
105.6218      7.2720      
70.7921       7.0080      
59.1822       7.0810      
57.2000       7.5220      
55.5010       8.2930      
53.2357       9.3030      
52.3862       10.4100     
60.3149       11.4700     
86.3664       12.3500     
118.0813      12.9400     
145.2654      13.1900     
164.5209      13.0800     
160.2734      12.6300     
107.8872      11.9000     
53.8020       10.9600     
40.7763       9.9000      
40.7763       8.7900      
38.5109       7.6910      
31.7149       6.6490      
23.9844       5.6910      
19.1705       4.8320      
16.1406       4.0800      
14.3850       3.4250      
13.5071       2.8690      
13.4505       2.4060      
13.1673       2.0110      
12.7426       1.6910      
11.4683       1.4370      
10.8170       1.2350      
10.3073       1.0790      
10.5339       0.9598      
11.3834       0.8650      
12.0913       0.7976      
11.9214       0.7521      
11.7798       0.7187      
11.0719       0.6964      
11.2418       0.6784      
10.6188       0.6595      
10.4489       0.6446      
10.9020       0.6374      
11.2984       0.6318      
11.0719       0.6277      
10.7321       0.6235      
10.8737       0.6142      
10.8454       0.6079      
11.4683       0.5995      
11.8364       0.5964      
11.5816       0.5924      
10.9586       0.5894      
10.5056       0.5869      
11.3267       0.5825      
12.0063       0.5792      
12.0347       0.5701      
11.6665       0.5631      
11.0719       0.5613      
10.5056       0.5586      
9.5994        0.5496      
9.1180        0.5449      
9.2879        0.5378      
9.6560        0.5385      
9.8259        0.5369      
9.5994        0.5334      
9.2879        0.5260      
8.8632        0.5208      
8.9198        0.5210      
8.9198        0.5240      
8.7216        0.5232      
8.3818        0.5248      
7.8438        0.5211      
7.4756        0.5169      
7.2491        0.5129      
7.0509        0.5076      
7.0792        0.5068      
6.8527        0.5048      
7.0792        0.5022      
6.4562        0.4968      
6.0315        0.4958      
5.8899        0.4957      
6.0315        0.4937      
6.7677        0.4923      
6.8810        0.4920      
7.0792        0.4867      
6.8810        0.4826      
6.9093        0.4749      
6.5412        0.4670      
6.3147        0.4643      
6.3996        0.4641      
6.3147        0.4685      
6.3147        0.4708      
6.3430        0.5024      
5.9182        0.5467      
6.1448        0.5782      
6.5695        0.5908      
6.5695        0.5872      
6.8244        0.5739      
7.3907        1.2350      
7.6739        1.9960      
8.7499        2.5860      
9.5711        2.9320      
10.2224       3.0770      
9.9958        3.1100      
9.4295        3.1030      
8.9481        3.0960      
8.2119        3.1020      
7.7022        3.1090      
7.4756        3.1010      
7.3624        3.0620      
6.9659        2.9810      
6.5695        2.8550      
6.5412        2.6900      
6.9093        2.4980      
7.3907        2.2870      
7.6172        2.0730      
8.1269        1.8650      
8.0137        1.6690      
7.9287        1.4930      
8.2119        1.3410      
8.6650        1.2120      
8.8065        1.1050      
8.5800        1.0140      
8.4951        0.9387      
8.7499        0.8798      
9.1463        0.8332      
9.4295        0.8012      
9.4578        0.7796      
9.3446        0.7729      
9.6277        0.8761      
9.6560        1.1280      
9.9392        1.3910      
10.2224       1.5630      
11.3267       1.6620      
13.2523       1.7310      
12.6010       1.8580      
12.0063       2.0120      
11.7798       2.1240      
11.8931       2.1750      
12.2895       2.2360      
12.7992       2.2410      
13.5638       2.2200      
15.2911       2.1910      
19.3970       2.2840      
18.2360       2.6380      
14.8947       3.0580      
12.4311       3.4680      
10.7887       3.8510      
10.1091       4.2210      
9.3729        4.5800      
8.7499        4.9210      
8.1269        5.3000      
7.3907        5.6270      
6.9943        5.8830      
6.6828        6.0520      
6.4279        6.1230      
6.3430        6.1460      
6.1448        6.1110      
5.8616        5.9540      
5.5218        5.6840      
5.2103        5.3410      
5.3236        4.9710      
4.8422        4.6040      
4.7006        4.2710      
4.5590        3.9940      
4.6156        3.7450      
4.5024        3.5200      
4.3042        3.4200      
4.1343        3.3430      
4.0210        3.2520      
4.1626        3.1630      
4.1343        3.1090      
3.7661        3.0620      
3.6246        3.0010      
3.5396        2.9290      
3.3697        2.8640      
3.2281        2.8100      
2.9166        2.8520      
2.8600        2.9330      
3.0016        2.9830      
3.3131        3.0050      
3.2564        3.0590      
3.0299        3.0820      
2.7581        3.0790      
2.6561        3.0660      
2.3078        3.0900      
2.3758        3.1260      
2.3758        3.2130      
2.4777        3.3490      
2.5117        3.5460      
2.3531        3.7170      
2.3107        3.8240      
2.2399        3.9760      
2.1634        4.0730      
2.1124        4.0840      
2.0360        4.0240      
2.3333        3.9190      
2.3588        3.7860      
2.2087        3.6400      
2.4098        3.5660      
2.5344        3.4850      
2.7156        3.3940      
2.8600        3.3720      
2.8147        3.5360      
2.5117        3.7000      
2.6335        3.7970      
3.1715        4.2170      
3.4830        4.7710      
4.3325        5.5630      
4.5024        6.5640      
4.7289        7.8750      
4.7855        9.6210      
4.8422        11.8000     
4.7572        14.3700     
4.3891        17.2700     
4.4741        20.4000     
4.8139        23.5400     
4.9838        26.5400     
5.0970        29.2100     
5.2386        31.4800     
5.2669        33.3300     
5.4085        35.8500     
5.7483        38.4600     
6.2014        40.2900     
6.4562        40.9300     
6.3713        40.5100     
6.5412        39.3200     
6.6828        37.6800     
7.0226        35.8200     
7.1358        34.0300     
7.1925        32.2300     
7.4756        30.4300     
7.8438        28.8000     
8.2119        28.9700     
8.2968        30.3200     
7.9570        31.3900     
7.9004        31.4400     
7.9854        30.5400     
8.0137        29.2200     
8.3818        27.8300     
8.3535        26.5500     
8.6083        26.1800     
8.6366        26.6400     
8.1553        27.3900     
7.8154        31.3700     
7.7588        36.5100     
7.4190        39.6800     
7.3907        39.6800     
7.6455        37.1200     
7.9004        33.2200     
7.6455        29.0600     
7.4473        25.2800     
7.3057        22.1900     
6.9943        19.8200     
7.1075        18.1000     
7.5040        16.9000     
7.2491        16.0900     
6.7394        15.5700     
6.6545        15.2200     
6.7677        15.0100     
6.8527        14.8400     
7.0226        14.9900     
7.6455        16.1300     
8.8065        17.4200     
12.3745       18.5900     
15.3760       19.7600     
14.4416       21.3300     
11.6665       23.6700     
9.5994        27.0800     
9.2030        31.6700     
8.2402        37.5200     
7.4473        44.3800     
7.2208        51.7600     
6.7960        58.8500     
6.3996        64.8400     
6.1448        69.0200     
6.0881        71.1300     
6.0881        71.2500     
6.1448        69.8300     
5.9749        67.3100     
5.9749        64.0300     
5.8899        60.3200     
6.1164        56.4000     
6.7111        52.4500     
6.6828        48.6700     
6.5129        45.1600     
5.8333        41.9900     
5.4368        39.2900     
5.6067        37.0800     
6.3713        35.7900     
11.5816       34.7300     
26.9010       33.6800     
27.4107       32.8100     
16.6503       32.4500     
11.0719       32.7800     
8.9481        33.8600     
7.8154        35.6000     
7.1642        37.7900     
6.2863        40.1300     
6.2297        42.2900     
5.8333        43.9700     
5.6917        44.9300     
5.0687        45.0400     
4.4741        44.3300     
4.8139        42.8900     
4.5873        40.9100     
4.5873        38.5800     
4.4174        36.0900     
4.4457        33.6100     
3.9927        31.2700     
3.8228        29.1100     
3.5962        27.2000     
3.7378        25.5000     
3.6246        23.9500     
3.7378        22.4800     
3.4263        21.0300     
2.7099        19.5900     
2.9166        18.1200     
3.2281        16.6400     
3.6246        15.1600     
4.1909        13.7000     
4.9554        12.2900     
5.3519        10.9600     
5.0687        9.7090      
5.0404        8.5620      
5.1820        7.5190      
5.1820        6.5750      
5.2953        5.7270      
5.4368        4.9700      
4.7006        4.3030      
3.3131        3.7250      
3.0865        3.2310      
3.6529        2.8000      
4.3042        2.4260      
4.5590        2.1090      
4.7572        1.8400      
4.3325        1.6080      
3.6246        1.4210      
3.1998        1.2760      
3.4830        1.1810      
3.5396        1.1370      
3.7945        1.2340      
4.3042        1.3680      
4.3042        1.4810      
4.7289        1.5480      
4.6723        1.5640      
4.7006        1.5370      
4.8988        1.4750      
4.9838        1.3820      
5.3519        1.2750      
5.1820        1.1630      
4.8705        1.0520      
4.3325        0.9487      
4.0776        0.8535      
4.5590        0.7675      
4.9838        0.7002      
4.6440        0.6473      
3.7095        0.6087      
3.1998        0.5748      
3.4263        0.5492      
3.5113        0.5347      
3.8794        0.5243      
3.6812        0.5147      
3.7095        0.5046      
3.9644        0.5020      
3.9077        0.4960      
3.8228        0.4877      
4.0210        0.4813      
4.2758        0.4771      
3.9644        0.4715      
3.6812        0.4634      
3.4830        0.4591      
3.4547        0.4517      
3.4547        0.4464      
3.7095        0.4440      
3.9927        0.4399      
3.7378        0.4375      
3.4547        0.4330      
3.5962        0.4249      
3.7095        0.4109      
3.6812        0.4007      
3.5679        0.3986      
3.4263        0.3957      
3.6812        0.3924      
3.8794        0.3930      
3.8511        0.3924      
4.1343        0.3929      
4.3891        0.3924      
4.5024        0.3878      
4.4741        0.3911      
4.3891        0.3902      
4.4741        0.3862      
4.6156        0.3797      
4.3325        0.3744      
4.1059        0.3698      
4.5024        0.3670      
4.4741        0.3650      
4.3325        0.3581      
4.4741        0.3565      
4.5873        0.3537      
4.5873        0.3537      
3.9077        0.3513      
3.2564        0.3470      
3.4830        0.3477      
3.9077        0.3465      
3.9077        0.3442      
3.9644        0.3464      
3.6529        0.3487      
3.6529        0.3486      
3.7378        0.3436      
3.6529        0.3359      
3.4547        0.3257      
3.6529        0.3148      
3.1715        0.3091      
2.6590        0.3103      
2.6703        0.3039      
2.9733        0.3014      
3.5396        0.3023      
3.9927        0.3067      
4.0776        0.3081      
4.0210        0.3072      
3.3697        0.3039      
3.1715        0.3050      
3.4830        0.3026      
3.5962        0.3057      
3.0299        0.3066      
2.6618        0.3086      
2.6221        0.3101      
2.1606        0.3067      
2.2370        0.3038      
2.8600        0.3044      
2.8600        0.3059      
3.2281        0.3076      
2.8600        0.3105      
2.8005        0.3138      
2.6051        0.3155      
2.1719        0.3152      
1.9652        0.3123      
1.6820        0.3102      
1.6650        0.3090      
1.8434        0.3050      
1.7302        0.3013      
1.6254        0.2990      
1.8491        0.2992      
2.0643        0.2971      
2.1323        0.2949      
2.2031        0.2894      
2.2767        0.2874      
2.5882        0.2874      
2.3333        0.2867      
2.4211        0.2890      
2.5882        0.2845      
2.6958        0.2773      
3.1998        0.2745      
2.9450        0.2761      
2.8600        0.2790      
3.0582        0.2801      
2.5768        0.2754      
2.1832        0.2737      
2.4664        0.2695      
3.1432        0.2694      
3.3980        0.2745      
3.3414        0.2751      
3.0865        0.2734      
2.6590        0.2765      
2.2540        0.2808      
2.1832        0.2860      
2.3560        0.2881      
2.7779        0.2894      
3.4830        0.2867      
3.2848        0.2841      
3.0016        0.2885      
3.2281        0.2937      
3.1998        0.2987      
3.0582        0.3021      
3.2564        0.3049      
3.3414        0.3018      
2.7609        0.2994      
3.2848        0.2946      
3.8511        0.2909      
4.1343        0.2894      
3.9644        0.3303      
3.6529        0.3837      
3.7945        0.5568      
3.9927        0.6956      
3.7661        0.8001      
3.5962        0.8909      
3.7095        0.9736      
3.5396        1.0470      
3.2281        1.1000      
2.8175        1.1310      
2.8289        1.1350      
3.2848        1.1190      
3.5396        1.0820      
3.9077        1.0290      
4.2758        0.9634      
4.3891        0.8896      
4.5873        0.8175      
4.5873        0.7558      
4.6723        0.7161      
4.6156        0.6898      
4.3608        0.6703      
4.1909        0.6538      
4.0776        0.6396      
3.7945        0.6300      
3.6529        0.6304      
3.6529        0.6794      
3.8794        1.0420      
4.4741        1.4750      
5.2669        1.8380      
5.7483        2.0670      
5.7766        2.1610      
5.6917        2.1570      
5.5218        2.1020      
5.3236        2.0360      
5.1537        1.9870      
5.0970        1.9640      
5.1537        1.9610      
5.2953        2.0930      
5.3519        2.2040      
5.8050        2.8890      
6.3147        3.7030      
6.9093        4.9690      
7.7022        6.3670      
8.6366        7.8730      
9.6277        9.9570      
9.7410        13.1600     
9.0614        17.9000     
8.4667        24.1300     
8.1269        31.2900     
7.7871        38.5200     
7.3341        44.9200     
7.0226        49.8300     
6.6828        52.9000     
6.1731        54.1300     
5.6634        53.7700     
5.4652        52.2200     
5.4935        49.9700     
5.4935        47.3300     
5.4652        44.5400     
5.4935        41.7900     
5.4935        39.1200     
5.5501        36.9900     
5.3519        35.5300     
6.3996        36.5300     
12.3461       38.7800     
27.8071       40.7400     
28.8832       41.6400     
31.9980       41.6100     
34.2634       41.2800     
26.0798       41.1800     
19.4254       41.4800     
15.2911       42.0300     
12.7426       42.5400     
10.8170       42.7200     
9.6560        42.4100     
8.7216        41.8000     
8.4951        41.5600     
10.4489       40.9400     
16.2256       39.7200     
16.3388       37.9800     
14.4416       35.9700     
12.4877       33.9100     
10.7038       31.9600     
9.7127        30.2300     
8.9764        28.7500     
8.4667        27.5300     
7.9570        26.5400     
7.4756        25.7300     
7.0509        25.0600     
6.9943        24.4900     
7.0792        24.0100     
7.0509        23.6100     
6.7960        23.2900     
6.4846        23.0600     
6.1448        22.9500     
5.8899        22.9700     
5.7483        23.0800     
5.7483        23.2900     
5.8050        23.6600     
5.7200        24.2300     
5.4368        25.0500     
5.1820        26.0700     
5.1537        27.2300     
4.9838        28.4000     
4.8705        29.4600     
4.7855        30.2900     
4.7289        30.8400     
4.6723        31.0900     
4.6156        31.0300     
4.5307        30.7100     
4.5024        30.1700     
4.3608        29.4600     
4.3042        28.6500     
4.4741        27.8000     
4.7572        26.9600     
4.8705        26.1900     
4.6440        25.5300     
4.9271        24.9900     
5.3519        24.6000     
5.6917        24.3500     
6.5695        24.3800     
7.2208        24.6500     
7.7871        25.0900     
8.6083        25.6400     
8.9764        26.2500     
9.2879        26.8800     
9.4295        27.4700     
9.6277        27.9200     
10.2224       28.1600     
10.2224       28.1100     
10.2790       27.7200     
10.0525       26.9800     
9.7693        25.9400     
9.5994        24.6400     
9.5428        23.1800     
9.9109        21.7000     
10.0808       20.3100     
10.0242       19.0800     
9.9675        18.0400     
9.5145        17.2200     
9.1463        16.6400     
8.3818        16.3200     
7.7588        16.2500     
7.5323        16.4500     
7.7871        16.8900     
7.3907        17.5400     
6.9376        18.3400     
7.0226        19.2200     
7.1075        20.0800     
7.2774        20.8200     
7.0792        21.3500     
6.7677        21.6100     
6.3147        21.5400     
5.8050        21.1600     
5.2669        20.4800     
4.9838        19.5500     
4.8422        18.4500     
4.9271        17.2400     
5.3519        15.9900     
5.7483        14.8300     
5.8899        13.9500     
6.2297        13.2500     
6.5695        12.6100     
6.8244        11.9800     
6.9376        11.5800     
7.1075        11.2700     
7.2774        11.0500     
7.4473        10.9500     
7.6172        10.9900     
7.7305        11.1200     
7.4756        11.3100     
6.8244        11.5100     
6.0598        11.6800     
4.9838        11.7800     
4.5873        11.7800     
4.6156        11.6800     
5.0121        11.4600     
4.7289        11.1400     
4.5590        10.7300     
4.5590        10.2400     
4.6723        9.6950      
4.7855        9.1090      
4.8988        8.4940      
4.6440        7.8620      
4.6723        7.2280      
4.6156        6.6000      
4.2192        5.9840      
4.1626        5.3880      
4.3891        4.8160      
4.8422        4.2800      
4.9838        3.7800      
4.8705        3.3150      
4.7006        2.8890      
4.6156        2.5030      
4.3325        2.1550      
4.7006        1.8480      
5.1253        1.5890      
5.4368        1.3770      
5.4085        1.2120      
5.1253        1.1000      
4.6723        1.0200      
4.6440        0.9524      
4.9838        0.8962      
4.8988        0.8598      
4.6156        0.8481      
4.2758        0.8574      
4.5307        0.8801      
4.8988        0.9014      
5.1820        0.9173      
5.7483        0.9193      
5.6634        0.9128      
5.3802        0.8947      
5.0404        0.8619      
4.5024        0.8235      
4.2758        0.7780      
4.5307        0.7293      
4.8988        0.6826      
5.1820        0.6374      
5.2103        0.5987      
4.8422        0.5645      
4.8705        0.5267      
5.0970        0.4975      
5.3236        0.4720      
5.6067        0.4496      
5.6351        0.4327      
5.0687        0.4104      
4.8139        0.3959      
4.5024        0.3815      
4.3891        0.3678      
4.4174        0.3453      
4.3608        0.3273      
3.8228        0.3222      
3.6529        0.3141      
3.7945        0.3075      
4.2192        0.2988      
4.7572        0.2909      
4.5590        0.2838      
4.2192        0.2752      
4.1909        0.2705      
4.3891        0.2651      
4.2192        0.2623      
4.0210        0.2617      
4.1909        0.2599      
4.2192        0.2550      
4.3608        0.2464      
4.0493        0.2475      
4.2192        0.2433      
4.7006        0.2378      
4.8988        0.2238      
4.6723        0.2137      
4.2758        0.2063      
4.0493        0.1992      
4.0776        0.1985      
4.2758        0.1966      
3.8794        0.1934      
3.3980        0.1929      
3.4547        0.1932      
3.4263        0.1946      
3.5962        0.1980      
3.6246        0.2000      
3.7661        0.1989      
3.6812        0.1978      
3.1432        0.1932      
2.9166        0.1926      
2.8883        0.1922      
3.0582        0.1901      
2.9733        0.1864      
3.3980        0.1865      
3.4830        0.1886      
3.5962        0.1899      
3.8228        0.1885      
3.9644        0.1866      
4.0493        0.1857      
3.5679        0.1806      
3.2564        0.1800      
3.0299        0.1805      
3.1998        0.1789      
3.2848        0.1760      
3.1715        0.1771      
3.5679        0.1796      
3.7095        0.1790      
3.9360        0.1766      
3.6812        0.1781      
3.5962        0.1800      
3.7378        0.1830      
3.5679        0.1877      
3.3980        0.1967      
3.2848        0.2202      
3.3414        0.2640      
3.3980        0.3223      
3.7945        0.3845      
3.7661        0.4433      
3.7378        0.4900      
3.5962        0.5199      
3.5962        0.5294      
3.6812        0.5236      
3.2281        0.5040      
2.9450        0.4770      
3.2564        0.4454      
3.8794        0.4083      
3.8794        0.3688      
3.7095        0.3323      
3.5396        0.2984      
3.0582        0.2735      
2.8883        0.2550      
2.6533        0.2382      
2.5542        0.2261      
2.6391        0.2159      
2.7212        0.2076      
3.0299        0.1968      
2.7043        0.1869      
2.7099        0.1784      
2.5202        0.1714      
2.4551        0.1649      
2.4466        0.1600      
2.6051        0.1580      
2.4013        0.1620      
2.4126        0.1631      
2.2427        0.1604      
2.3531        0.1608      
2.4834        0.1587      
2.5287        0.1716      
2.6731        0.2041      
2.4437        0.2611      
2.2682        0.3535      
2.2738        0.4788      
2.2852        0.6120      
2.4522        0.7362      
2.4636        0.8350      
2.6561        0.9013      
2.5938        0.9340      
2.6646        0.9257      
2.6901        0.8950      
2.3814        0.8469      
2.3220        0.7864      
2.1889        0.7320      
2.4862        0.6860      
2.7411        0.6455      
2.6391        0.6103      
2.3956        0.5721      
2.4862        0.5293      
2.5344        0.4853      
2.7354        0.4422      
3.0299        0.4008      
3.0299        0.3677      
2.7496        0.3386      
2.5712        0.3160      
2.3928        0.3003      
2.3984        0.2973      
2.5457        0.3075      
2.3475        0.3280      
2.3333        0.3547      
2.2059        0.4001      
2.1124        0.4378      
2.1776        0.4675      
2.2002        0.4833      
2.2738        0.4826      
2.2484        0.4710      
2.2455        0.4515      
2.3899        0.4243      
2.5740        0.3956      
2.3928        0.3702      
2.4551        0.3454      
2.9733        0.3242      
3.0582        0.2994      
3.0299        0.2808      
2.9733        0.2644      
2.9733        0.2465      
2.9733        0.2333      
2.7694        0.2220      
2.6023        0.2129      
2.5768        0.2080      
3.0016        0.2055      
3.1432        0.2018      
3.0582        0.1973      
3.3697        0.1973      
3.4547        0.1951      
3.5396        0.1978      
3.0582        0.1996      
2.4579        0.2019      
2.3701        0.2005      
2.3871        0.1966      
2.6533        0.1949      
2.7071        0.1945      
2.8600        0.1951      
3.0865        0.1947      
3.4830        0.1955      
3.7945        0.1946      
3.8794        0.1914      
3.9077        0.1894      
3.8794        0.1877      
3.7945        0.1832      
3.7095        0.1811      
3.7378        0.2310      
4.0210        0.6500      
4.2192        1.1830      
4.4174        1.6300      
4.6440        1.9020      
4.6440        2.0210      
4.7855        2.0550      
4.6156        2.0760      
4.4174        2.1270      
4.3608        2.2200      
4.3325        2.3460      
4.1626        2.4830      
4.0493        2.6030      
4.1343        2.6800      
4.3608        2.6990      
4.4741        2.6530      
4.2192        2.5450      
3.9360        2.3840      
3.7945        2.4380      
3.6529        2.4980      
3.5679        2.4690      
3.3980        2.3390      
3.3980        2.1400      
3.6246        1.9150      
3.7378        1.7010      
3.7095        1.5120      
3.7095        1.3580      
3.7661        1.2330      
3.8511        1.1340      
3.9644        1.0500      
3.9644        0.9758      
3.8511        0.9065      
3.6529        0.8429      
3.5113        0.7829      
3.4547        0.7266      
3.2564        0.6740      
3.2848        0.6256      
3.4547        0.5809      
3.3131        0.5910      
3.2564        0.5779      
3.1149        0.5485      
3.1149        0.5138      
3.0865        0.4809      
3.1715        0.4536      
3.3414        0.4318      
3.3980        0.4139      
3.3697        0.3994      
3.3131        0.3862      
3.2564        0.3740      
3.1149        0.3626      
3.0299        0.3523      
3.1432        0.3427      
2.9166        0.3329      
2.9733        0.3235      
2.9733        0.3161      
3.0865        0.3085      
3.1998        0.3015      
3.0299        0.2955      
2.9733        0.2901      
2.8204        0.2845      
2.6335        0.2774      
2.3956        0.2715      
2.4721        0.2657      
2.7694        0.2602      
2.6844        0.2563      
2.8062        0.2527      
3.0016        0.2477      
2.9166        0.2430      
2.7354        0.2386      
2.8600        0.2346      
2.8090        0.2310      
3.0299        0.2266      
3.0299        0.5448      
3.2281        0.9607      
3.2281        1.3170      
2.9733        1.5500      
3.0299        1.6670      
2.9166        1.7160      
2.8883        1.7510      
2.6335        2.1800      
2.9166        2.7940      
3.2281        3.4160      
3.4263        3.9280      
3.4263        4.3090      
3.4263        4.5790      
3.1998        4.7610      
3.0016        4.8730      
3.0016        4.9310      
2.9733        4.9420      
3.1149        4.9050      
3.0865        4.8070      
3.2281        4.6510      
3.0299        4.4380      
3.0299        4.1710      
2.8317        3.8640      
2.9733        3.5290      
2.9166        3.1940      
3.0582        2.8940      
2.9450        2.6800      
3.1432        3.0040      
3.1715        3.9040      
3.5396        5.6690      
3.9927        7.6510      
4.3891        9.6490      
4.3325        11.7600     
4.1059        14.4000     
3.8511        17.7800     
3.7378        22.0600     
3.5679        26.9900     
3.4547        32.2100     
3.3131        37.3000     
3.2281        41.8600     
3.1998        45.5700     
3.1715        48.2300     
3.0299        49.7600     
3.1715        50.1500     
3.1998        49.5200     
3.0865        48.0100     
2.9733        45.8500     
3.0865        43.2300     
3.0016        40.3400     
2.5740        37.3100     
2.6250        34.2500     
2.4183        31.2400     
2.2738        28.3300     
2.2370        25.5500     
2.2653        22.9200     
2.4183        20.4800     
2.3956        18.2500     
2.6221        16.2400     
2.8317        14.6800     
3.4263        13.6700     
3.5962        12.8700     
3.9360        12.3100     
4.0210        12.0200     
3.8794        12.0100     
3.9077        12.3300     
3.8511        13.0800     
3.8228        14.3200     
3.8511        16.0400     
4.1626        18.1000     
4.6156        20.3200     
4.5590        22.5100     
4.4741        24.4800     
4.0210        26.1000     
3.5396        27.2600     
3.1432        27.9400     
2.8600        28.1100     
2.7439        27.7800     
2.7382        27.0000     
2.7184        25.8200     
2.6844        24.2900     
2.5768        22.5000     
2.7071        20.5200     
2.6533        18.4300     
2.3786        16.3100     
2.0954        14.2400     
2.0700        12.3400     
2.0983        10.6700     
2.3107        9.2570      
2.2399        8.1040      
2.2597        7.2690      
2.1747        6.8160      
2.0020        6.8100      
1.7868        7.2810      
1.7868        8.1880      
1.8208        9.4270      
1.7358        10.8400     
1.5433        12.2600     
1.5829        13.5000     
1.5829        14.4500     
1.5659        15.0200     
1.6594        15.1800     
1.6650        14.9400     
1.6594        14.3600     
1.5603        13.5000     
1.4243        12.4500     
1.2941        11.2800     
1.2799        10.0700     
1.4470        8.8810      
1.4611        7.7650      
1.3196        6.7340      
1.3224        5.8050      
1.3535        4.9690      
1.4073        4.2160      
1.3366        3.5390      
1.2290        2.9350      
1.2799        2.4070      
1.3451        1.9550      
1.5489        1.5640      
1.3337        1.2440      
1.1808        0.9875      
1.1780        0.7832      
1.4215        0.6291      
1.4895        0.5115      
1.2969        0.4222      
1.2290        0.3539      
1.0506        0.3058      
0.8665        0.2661      
0.8807        0.2381      
1.0137        0.2160      
0.8523        0.2040      
0.8523        0.1913      
1.1072        0.1831      
1.1695        0.1763      
1.1865        0.1714      
1.0336        0.1734      
0.9656        0.1748      
0.9939        0.1723      
1.0534        0.1692      
1.1780        0.1648      
1.1185        0.1612      
1.1044        0.1540      
1.0392        0.1449      
0.9826        0.1376      
0.9486        0.1338      
0.9005        0.1322      
0.9288        0.1317      
0.9203        0.1271      
0.9090        0.1241      
0.8976        0.1216      
0.8920        0.1155      
1.0024        0.1111      
0.9883        0.1080      
1.1072        0.1098      
1.0109        0.1115      
0.8637        0.1137      
0.9146        0.1114      
0.9345        0.1101      
0.9033        0.1110      
0.8665        0.1116      
0.8410        0.1075      
0.7957        0.1052      
0.8325        0.1004      
0.7957        0.0977      
0.7334        0.0959      
0.7108        0.0953      
0.7900        0.0971      
0.8948        0.0981      
0.8722        0.0949      
0.7334        0.0956      
0.7136        0.0909      
0.7957        0.0893      
0.8438        0.0870      
1.0449        0.0864      
1.0506        0.0886      
0.9345        0.0891      
0.8920        0.0877      
0.8863        0.0794      
0.9458        0.0706      
0.9939        0.0666      
1.0081        0.0645      
1.0449        0.0647      
0.8948        0.0642      
0.8891        0.0632      
1.0166        0.0646      
1.0109        0.0661      
1.0307        0.0683      
0.9826        0.0693      
0.9741        0.0699      
1.0052        0.0714      
0.8552        0.0755      
0.7815        0.0746      
0.8438        0.0698      
0.7674        0.0691      
0.7249        0.0664      
0.7447        0.0657      
0.7617        0.0686      
0.8155        0.0719      
0.7362        0.0694      
0.7221        0.0693      
0.8382        0.0676      
0.8467        0.0677      
0.8269        0.0668      
0.8693        0.0681      
0.9430        0.0685      
1.0392        0.0685      
0.9571        0.0688      
1.0052        0.0700      
1.0421        0.0682      
1.1553        0.0666      
1.2290        0.0651      
1.1751        0.0632      
1.0506        0.0611      
1.0449        0.0619      
1.0109        0.0622      
1.0874        0.0614      
1.1723        0.0655      
1.1780        0.0658      
1.0506        0.0684      
0.9260        0.0720      
0.8608        0.0691      
0.8410        0.0672      
0.7900        0.0638      
0.8240        0.0646      
0.8467        0.0671      
0.8212        0.0660      
0.8835        0.0648      
0.8353        0.0631      
0.9231        0.0580      
0.9316        0.0558      
0.9175        0.0549      
0.8269        0.0534      
0.7334        0.0514      
0.8014        0.0515      
0.7900        0.0529      
0.7844        0.0551      
0.7985        0.0592      
0.8778        0.0628      
0.9514        0.0624      
0.7957        0.0676      
0.7051        0.0736      
0.6881        0.0765      
0.7815        0.0770      
0.7221        0.0764      
0.6456        0.0724      
0.6371        0.0731      
0.6513        0.0773      
0.6683        0.0805      
0.6428        0.0837      
0.6371        0.0911      
0.6343        0.0969      
0.6286        0.1039      
0.6201        0.1121      
0.6088        0.1173      
0.6286        0.1165      
0.7051        0.1155      
0.7900        0.1138      
0.8127        0.1077      
0.8778        0.1021      
0.9571        0.0970      
1.0052        0.0884      
1.0817        0.0828      
1.1157        0.0790      
1.1015        0.0757      
1.0506        0.0703      
1.0647        0.0686      
1.0307        0.0680      
0.9968        0.0666      
0.9090        0.0671      
0.7759        0.0714      
0.9005        0.0747      
0.9996        0.0765      
1.0251        0.0753      
0.9713        0.0708      
0.9260        0.0698      
0.8920        0.4812      
1.0675        1.6510      
1.2290        2.7830      
1.3904        3.5070      
1.5659        3.8420      
1.5942        3.9560      
1.4951        4.0100      
1.4215        4.0960      
1.3111        4.2300      
1.5036        4.3880      
1.6594        4.5240      
1.6962        4.6000      
1.7528        4.5890      
1.8548        4.5770      
1.9312        4.4640      
2.0020        4.2350      
2.0077        3.9120      
1.9935        3.5330      
1.9822        3.1330      
1.9482        2.7390      
1.9227        2.3760      
1.8491        2.0560      
1.7868        1.7840      
1.7783        1.5560      
1.8151        1.3740      
1.9709        1.2270      
2.1832        1.1070      
2.3588        1.0090      
2.4381        0.9231      
2.5202        1.0070      
2.4919        1.1630      
2.3163        1.2580      
2.3616        2.3020      
2.3984        3.5010      
2.5145        4.3510      
2.5485        4.7600      
2.4466        4.8560      
2.3107        4.7840      
2.1946        4.6550      
2.0785        4.5200      
1.8604        4.4030      
2.0048        5.3480      
3.0865        9.3240      
3.1715        12.4300     
4.3608        14.0100     
6.4846        14.5400     
8.2685        14.4100     
8.3818        14.2800     
7.9570        14.2900     
7.3057        14.3500     
6.7394        14.3900     
6.1164        14.3000     
5.3802        14.0600     
4.8988        13.6700     
4.4741        13.1500     
4.1626        12.5300     
3.6812        11.8200     
3.3131        11.0800     
3.0582        10.3600     
2.8600        9.7370      
2.7241        9.2930      
2.6306        9.0840      
2.5570        9.1270      
2.5768        9.3910      
2.5174        9.8070      
2.3984        10.2900     
2.3361        10.7500     
2.3390        11.1100     
2.4041        11.3200     
2.2965        11.3800     
2.1436        11.2800     
2.0473        11.0600     
2.0020        10.7600     
2.0870        10.4400     
2.2993        10.1400     
2.4919        9.8840      
2.5060        9.6850      
2.5174        9.5490      
2.5004        9.4610      
2.4296        9.3990      
2.2823        9.3410      
2.2455        9.2620      
2.2625        9.1420      
2.2115        8.9730      
2.1719        8.7500      
2.1379        8.4770      
2.1323        8.1650      
2.1719        7.8270      
2.2144        7.4800      
2.2597        7.1410      
2.2172        6.8250      
2.2002        6.5520      
2.1096        6.3290      
2.1408        6.1540      
2.1776        6.0140      
2.1691        5.8900      
2.4041        5.7610      
2.5797        5.6100      
2.4749        5.5130      
2.3616        5.7500      
2.4692        6.2640      
2.9450        6.6580      
3.4263        6.9110      
3.5679        7.1890      
3.3697        7.7080      
3.0865        8.6620      
2.9166        10.1600     
2.9733        12.2100     
2.9450        14.7000     
2.9733        17.4300     
3.2281        20.1500     
3.0016        22.6000     
2.7354        24.5900     
2.6391        25.9800     
2.7524        26.6900     
2.9733        26.7700     
3.5113        26.2500     
3.9360        25.2300     
4.1059        23.8300     
3.7661        22.2200     
3.4263        20.8200     
3.3697        19.5200     
3.2281        18.3100     
3.1432        17.2300     
3.0582        16.2900     
2.9166        15.4900     
2.7382        14.8000     
2.6844        14.2100     
2.7297        13.6700     
2.6703        13.1500     
2.7467        12.6500     
2.7779        12.1800     
3.2848        11.7100     
3.7095        11.2500     
3.7945        10.7800     
3.7378        10.3100     
3.5962        9.8110      
3.5962        9.2840      
3.3414        8.7210      
3.1432        8.1200      
2.9166        7.4930      
2.9166        6.8500      
2.7581        6.2050      
2.7496        5.5630      
2.8204        4.9340      
2.7099        4.3320      
2.7496        3.7640      
2.8600        3.2360      
2.8883        2.7540      
2.5995        2.3270      
2.4268        1.9570      
2.2710        1.6350      
2.4381        1.3630      
2.5004        1.1360      
2.4069        0.9516      
2.4834        0.8068      
2.5117        0.6982      
2.5485        0.6113      
2.5429        0.7490      
2.7439        0.9686      
3.0299        1.1600      
3.1715        1.2740      
2.9166        1.3260      
2.5429        1.3380      
2.3786        1.3410      
2.4296        1.3570      
2.3984        1.3900      
2.2625        1.4410      
2.0530        1.5060      
2.1209        1.5820      
2.2370        1.6600      
2.1039        1.7270      
2.0728        1.7750      
2.3390        1.7820      
2.3475        1.7450      
2.2512        1.6660      
2.3588        1.8540      
2.6703        2.0350      
2.5853        2.1400      
2.3730        2.1790      
2.4211        2.2130      
2.3390        2.3330      
2.0360        2.6170      
1.9793        3.1100      
1.9454        3.7940      
1.9171        4.5960      
1.8094        5.4360      
1.7330        6.2130      
1.6027        6.9950      
1.7330        7.6090      
1.7217        7.9200      
1.9510        7.8710      
2.2002        7.5030      
2.3843        6.8950      
2.2993        6.1440      
1.9963        5.3540      
1.9369        4.5650      
1.8321        3.8290      
1.5857        3.1790      
1.5744        2.6240      
1.6849        2.1680      
1.5971        1.8040      
1.4866        1.5150      
1.5178        1.2860      
1.4810        1.1090      
1.4980        0.9672      
1.4300        0.8530      
1.2828        0.7585      
1.1553        0.6790      
1.0477        0.6091      
1.2035        0.5435      
1.1298        0.4850      
1.1525        0.4342      
1.1440        0.3905      
0.9854        0.3519      
0.8382        0.3134      
0.8325        0.2835      
0.8693        0.2546      
0.9854        0.2262      
1.0647        0.2048      
1.0760        0.1830      
1.1695        0.1634      
1.2290        0.1455      
1.0959        0.1313      
0.8891        0.1200      
0.8410        0.1068      
0.7589        0.0988      
0.6683        0.0926      
0.6343        0.0860      
0.6768        0.0803      
0.5777        0.0782      
0.4927        0.0759      
0.4729        0.0729      
0.6060        0.0707      
0.7136        0.0688      
0.7617        0.0650      
0.6768        0.0601      
0.5267        0.0598      
0.4870        0.0527      
0.4729        0.0484      
0.4701        0.0431      
0.4729        0.0438      
0.5239        0.0401      
0.6201        0.0406      
0.7192        0.0404      
0.9033        0.0428      
0.8863        0.0439      
0.7447        0.0445      
0.7391        0.0410      
0.7759        0.0385      
0.6881        0.0384      
0.6371        0.0400      
0.5380        0.0436      
0.6541        0.0465      
0.9514        0.0478      
0.8155        0.0478      
0.7787        0.0448      
0.7929        0.0423      
0.7362        0.0392      
0.6824        0.0367      
0.6031        0.0307      
0.6570        0.0326      
0.6541        0.0330      
0.6456        0.0282      
0.6541        0.0325      
0.7532        0.0453      
0.6824        0.0673      
0.5493        0.0987      
0.5578        0.1348      
0.6116        0.1735      
0.6513        0.2036      
0.6768        0.2263      
0.6909        0.2344      
0.7192        0.2322      
0.7504        0.2220      
0.6824        0.2066      
0.5720        0.1841      
0.5522        0.1561      
0.5862        0.1268      
0.6230        0.0999      
0.6201        0.0759      
0.6881        0.0585      
0.8467        0.0436      
0.8438        0.0363      
0.7391        0.0304      
0.7759        0.0293      
0.8382        0.0292      
0.8325        0.0270      
0.7730        0.0226      
0.6966        0.0195      
0.5777        0.0200      
0.5097        0.0214      
0.5324        0.0189      
0.6343        0.0211      
0.8070        0.0198      
0.8212        0.0189      
0.7504        0.0182      
0.7589        0.0191      
0.7306        0.0174      
0.7051        0.0158      
0.5918        0.0151      
0.4814        0.0147      
0.4757        0.0130      
0.5295        0.0137      
0.5465        0.0137      
0.5182        0.0148      
0.5267        0.0169      
0.5409        0.0203      
0.5522        0.0242      
0.5125        0.0277      
0.4786        0.0280      
0.4616        0.0265      
0.4757        0.0212      
0.4786        0.0197      
0.4786        0.0184      
0.5295        0.0185      
0.5720        0.0202      
0.5890        0.0189      
0.6909        0.0171      
0.6683        0.0174      
0.5918        0.0224      
0.4531        0.0301      
0.4616        0.0380      
0.4531        0.0476      
0.4842        0.0514      
0.6173        0.0482      
0.6060        0.0459      
0.5918        0.0434      
0.4955        0.0383      
0.4049        0.0323      
0.3625        0.0266      
0.3087        0.0209      
0.2492        0.0171      
0.2832        0.0163      
0.3171        0.0175      
0.4531        0.0584      
0.4786        0.1326      
0.6541        0.2111      
0.8552        0.2666      
0.9798        0.2887      
1.0477        0.2788      
0.8807        0.2547      
0.8269        0.2269      
0.8948        0.1977      
0.9854        0.1720      
1.0902        0.1491      
1.1129        0.1360      
1.0506        0.1312      
0.9996        0.1313      
0.9996        0.1480      
0.9231        0.1758      
0.9260        0.2159      
0.9458        0.2730      
0.8552        0.3577      
0.9090        0.4653      
0.8637        0.5924      
0.8240        0.7360      
0.8353        0.8815      
0.9061        1.0190      
0.9514        1.1430      
0.8750        1.2410      
1.0166        1.3100      
1.2035        1.4690      
1.3620        1.6080      
1.4895        1.6690      
1.4272        1.6320      
1.3705        1.5180      
1.4187        3.0670      
1.3790        5.0070      
1.3139        6.5330      
1.2997        7.3990      
1.3564        7.7290      
1.4980        7.7630      
1.6226        7.8400      
1.7698        8.4930      
1.7302        9.1970      
1.6254        9.6420      
1.6141        9.7650      
1.6056        9.6180      
1.5659        9.2750      
1.6424        8.8050      
1.8094        8.3000      
1.7811        7.7790      
1.6565        7.2320      
1.5433        6.6540      
1.4866        6.0660      
1.4611        5.4920      
1.4583        4.9500      
1.4895        4.4560      
1.5291        4.0600      
1.5631        3.7920      
1.6962        3.6110      
1.6877        3.4570      
1.6679        3.2920      
1.7811        3.1090      
1.7245        2.9170      
1.6849        2.7370      
1.6565        2.5820      
1.5036        2.4600      
1.4725        2.3670      
1.4413        2.2930      
1.4470        2.2270      
1.4357        2.1570      
1.3989        2.0760      
1.4357        1.9810      
1.5065        1.8790      
1.5659        1.8740      
1.6027        1.9190      
1.6056        2.0220      
1.6282        2.1500      
1.6311        2.2860      
1.6424        2.4440      
1.6367        2.6680      
1.6282        3.0190      
1.6735        3.7430      
1.7585        4.7180      
1.9397        5.9450      
2.0501        9.3150      
2.0416        14.2200     
2.1917        19.3800     
3.7378        24.4600     
4.9554        29.6000     
4.5873        35.0200     
4.2192        40.6200     
3.9360        45.9700     
3.6529        50.4600     
3.4547        53.5700     
3.2848        55.0300     
3.1432        54.8000     
2.9166        53.1000     
2.6250        50.3000     
2.5145        47.4900     
2.8175        45.3600     
3.7095        45.4500     
8.4667        46.8000     
20.8129       47.8200     
20.3032       47.8800     
15.1495       47.2300     
10.6188       46.3900     
7.4190        45.6600     
5.9749        45.0400     
5.2953        44.4100     
4.9554        43.6700     
4.8988        42.6700     
4.8705        43.1100     
5.1820        45.6600     
18.1794       48.1000     
36.5287       49.8500     
40.4931       51.5600     
34.2634       54.9200     
33.6970       59.7100     
40.7763       64.8900     
36.8119       69.5400     
28.1753       73.1200     
20.8129       75.3900     
16.1123       76.3200     
13.5355       76.1000     
11.8081       75.5900     
10.4772       74.8900     
13.8469       74.2300     
15.4893       73.9200     
12.9408       74.1300     
10.4489       74.7100     
8.3252        75.2900     
6.7394        75.4900     
5.7200        75.1300     
4.9554        74.2500     
4.4457        73.0900     
4.1059        71.9300     
3.8511        71.0200     
3.7095        70.4900     
3.7945        70.3900     
3.8228        70.7600     
3.8511        71.6600     
3.8228        73.3300     
3.9927        76.1400     
4.1909        80.0600     
4.2758        85.1000     
4.3042        91.2400     
4.1909        98.2500     
4.0493        105.7000    
4.0210        113.0000    
4.1343        119.7000    
4.1909        126.0000    
4.2475        128.3000    
4.2475        126.8000    
4.3042        124.3000    
4.3608        120.8000    
4.3325        115.2000    
4.2758        108.1000    
4.4457        100.8000    
4.9838        94.0800     
5.8616        90.0600     
10.2224       88.5700     
22.4836       87.6900     
35.6792       86.7900     
39.0772       86.3400     
33.1307       87.1300     
27.0709       89.9800     
28.8832       94.9200     
38.2277       103.6000    
43.8911       114.3000    
54.6515       126.4000    
51.2535       132.4000    
41.3426       132.7000    
30.8654       130.2000    
22.8800       126.2000    
17.2166       124.0000    
14.1301       120.0000    
12.4877       114.6000    
11.3834       108.0000    
10.3923       100.9000    
9.4295        93.4700     
8.7782        86.1200     
8.1269        79.1300     
7.5889        72.5900     
7.2208        66.4300     
6.8810        60.6100     
6.5978        55.1400     
6.1448        50.0700     
5.5784        45.4600     
5.0404        41.3500     
4.8139        37.7400     
5.0121        34.6000     
5.3519        31.8800     
5.4085        30.0400     
6.0881        29.7500     
6.6261        29.9300     
8.6650        29.8100     
9.2596        29.4300     
8.4101        29.1500     
7.9004        29.2600     
7.9287        29.8000     
7.4756        30.5900     
7.0509        31.3500     
6.6545        31.8400     
6.2014        31.8700     
6.0315        31.4000     
5.6917        30.4600     
5.2103        29.1600     
4.8422        27.6100     
4.5307        25.9000     
4.3325        24.1200     
4.1909        22.3900     
4.0776        21.1700     
3.8794        20.1700     
3.5679        19.3800     
3.3697        18.8100     
3.4263        18.4800     
3.7661        18.3700     
4.0776        18.4400     
4.0493        18.6200     
3.9360        19.0400     
3.4830        19.6900     
3.3697        20.1800     
3.4547        20.3300     
3.7095        20.1700     
3.9927        19.8100     
4.0776        19.3400     
3.9077        18.8000     
3.7661        18.2200     
3.6529        17.6000     
3.5679        16.9400     
3.4547        16.2200     
3.3980        15.4600     
3.2281        14.6600     
3.0299        13.8200     
2.9450        12.9600     
2.9450        12.0700     
3.0299        11.1800     
3.0582        10.2700     
3.0582        9.3770      
3.2564        8.5030      
3.7095        7.6660      
3.9927        6.8820      
3.8511        6.1560      
3.3980        5.4990      
3.1715        4.9160      
3.0299        4.4150      
2.9450        4.0060      
2.8883        3.6830      
2.8600        3.4520      
2.7043        3.2840      
2.6080        3.1480      
2.7099        3.0270      
2.5570        2.8970      
2.6929        2.7490      
2.6335        2.5810      
2.6844        2.3890      
2.7241        2.1810      
2.6590        1.9660      
2.6590        1.7540      
2.6476        1.5480      
2.6958        1.3590      
2.6505        1.1920      
2.5060        1.0460      
2.5485        0.9234      
2.6136        0.8210      
2.4749        0.7381      
2.3899        0.6754      
2.2682        0.6208      
2.3276        0.5800      
2.3701        0.5512      
2.2823        0.5309      
2.1917        0.5096      
2.1011        0.4924      
2.0898        0.4730      
2.2200        0.4555      
2.3050        0.4422      
2.1153        0.4327      
1.9652        0.4251      
1.8066        0.4190      
1.7556        0.4166      
1.8349        0.4129      
1.9227        0.4087      
1.9765        0.4054      
1.9029        0.4021      
1.9284        0.3970      
1.9907        0.3957      
2.2399        0.3952      
2.4466        0.3934      
2.7297        0.3906      
3.0016        0.3842      
2.7467        0.3754      
2.4919        0.3685      
2.2144        0.3647      
2.1068        0.3630      
2.1068        0.3614      
2.0133        0.3565      
1.9595        0.3505      
1.8831        0.3399      
1.7047        0.3328      
1.5801        0.3264      
1.5659        0.3177      
1.5178        0.3167      
1.5546        0.3145      
1.6452        0.3130      
1.6480        0.3103      
1.5291        0.3038      
1.4470        0.2963      
1.4668        0.2927      
1.6452        0.2864      
1.6877        0.2861      
1.7471        0.2859      
1.8208        0.2844      
1.9340        0.2850      
2.0303        0.2840      
2.0303        0.2819      
1.9284        0.2810      
1.9001        0.2804      
1.9624        0.2787      
1.9369        0.2798      
1.8632        0.2800      
1.5206        0.2787      
1.4187        0.2744      
1.4498        0.2698      
1.4413        0.2631      
1.4328        0.2564      
1.4980        0.2541      
1.6650        0.2516      
1.7953        0.2530      
1.9142        0.2547      
1.9680        0.2540      
1.9595        0.2532      
1.9312        0.2482      
1.8434        0.2508      
1.7330        0.2484      
1.6339        0.2496      
1.6112        0.2489      
1.6849        0.2487      
1.8717        0.2480      
1.8349        0.2418      
1.8406        0.2413      
1.7811        0.2424      
1.6480        0.2441      
1.5857        0.2452      
1.6282        0.2468      
1.6820        0.2463      
1.5999        0.2428      
1.2743        0.2341      
1.1638        0.2272      
1.0704        0.2272      
1.2346        0.2246      
1.4243        0.2260      
1.5546        0.2278      
1.6311        0.2292      
1.6254        0.2291      
1.5631        0.2292      
1.5744        0.2297      
1.5291        0.2320      
1.4640        0.2303      
1.5744        0.2303      
1.6679        0.2275      
1.4215        0.2261      
1.2856        0.2272      
1.2799        0.2289      
1.5065        0.2265      
1.6764        0.2233      
1.6650        0.2182      
1.3875        0.2185      
1.1553        0.2287      
1.0789        0.2529      
1.1638        0.2895      
1.0647        0.3284      
1.1667        0.3634      
1.1808        0.3892      
1.0732        0.4063      
0.9939        0.4123      
1.0109        0.4085      
1.0251        0.3954      
1.0166        0.3762      
1.0052        0.3545      
1.0647        0.3325      
1.2091        0.3122      
1.4442        0.3001      
1.5376        0.2871      
1.3564        0.3436      
1.3620        0.4771      
1.4442        0.6238      
1.5206        0.7290      
1.5518        0.7715      
1.6112        0.7581      
1.6339        0.7090      
1.5942        0.6511      
1.5603        0.5872      
1.6452        0.5285      
1.6905        0.4770      
1.6112        0.4458      
1.9142        2.1570      
2.0530        4.0830      
2.3673        5.4430      
2.8883        6.1290      
3.4263        6.3140      
3.7378        6.2070      
3.6246        5.9830      
3.0582        5.7510      
2.5882        5.6060      
2.3503        5.5290      
2.2059        5.4850      
2.0445        5.4850      
2.0247        5.5850      
2.1606        5.8580      
2.2653        6.3710      
2.5259        7.1430      
2.4862        8.1300      
2.4579        9.2280      
2.4664        10.3000     
2.5570        11.2100     
2.6958        11.8600     
2.7694        12.1700     
2.8600        12.1500     
3.0299        12.0800     
3.2848        11.9400     
3.5396        11.6700     
3.6529        11.2800     
3.9077        10.8300     
4.1909        10.3600     
4.4174        10.0000     
4.5590        9.9300      
5.1820        10.0300     
6.0315        10.2100     
5.8333        10.4700     
5.0970        10.8900     
4.3608        11.5500     
3.9077        12.4700     
3.9927        13.6400     
4.0210        14.9600     
4.1343        16.2900     
4.0210        17.4900     
4.0493        18.6100     
3.7661        19.4500     
3.6246        20.1000     
3.6529        20.5800     
3.5113        20.8800     
3.3414        20.9700     
3.1432        20.9300     
3.0865        21.2700     
3.0016        24.0400     
3.0582        28.8700     
5.1537        34.3900     
8.5234        39.7600     
7.2491        44.7300     
5.4368        49.2400     
4.0493        53.1000     
3.2848        56.3900     
3.0299        58.7500     
3.1432        59.8500     
3.5396        59.5500     
4.3042        58.0600     
4.4741        55.7100     
3.8511        52.8800     
3.2564        49.8800     
2.9166        46.9100     

